0.000000000000000000e+00	0.000000000000000000e+00
1.000000000000000056e-01	0.000000000000000000e+00
2.000000000000000111e-01	-1.581191119943814080e-16
3.000000000000000444e-01	-4.162795430084607754e-11
4.000000000000000222e-01	-3.707675794605686047e-09
5.000000000000000000e-01	-1.429823171689320273e-07
6.000000000000000888e-01	-2.486470669645506916e-06
7.000000000000000666e-01	-2.090828148229733371e-05
8.000000000000000444e-01	-9.252253544709113152e-05
9.000000000000000222e-01	-2.252233893363420644e-04
1.000000000000000000e+00	-2.740650291488165927e-04
1.100000000000000089e+00	-1.732588486938242570e-05
1.200000000000000178e+00	4.643306339621434639e-04
1.300000000000000044e+00	7.350273594142308752e-04
1.400000000000000133e+00	5.801774190952881756e-04
1.500000000000000000e+00	2.685441975217553630e-04
1.600000000000000089e+00	1.518604299700787060e-05
1.700000000000000178e+00	-3.119365971077832107e-04
1.800000000000000044e+00	-7.024351598364212855e-04
1.900000000000000133e+00	-7.537990514671025905e-04
2.000000000000000000e+00	-2.753627148080226928e-04
2.100000000000000089e+00	2.276913351128145044e-04
2.200000000000000178e+00	1.193903290183486788e-04
2.300000000000000266e+00	-4.421669353706172458e-04
2.400000000000000355e+00	-5.754852455752614438e-04
2.500000000000000000e+00	2.003936041512871481e-04
2.600000000000000089e+00	1.194206671133448685e-03
2.700000000000000178e+00	1.205882662582402273e-03
2.800000000000000266e+00	-3.892458282862091830e-05
2.900000000000000355e+00	-1.385628969356220586e-03
3.000000000000000000e+00	-1.384944540359301290e-03
3.100000000000000089e+00	1.108952719343718723e-04
3.200000000000000178e+00	1.646909699891382049e-03
3.300000000000000266e+00	1.581677293667998639e-03
3.400000000000000355e+00	-1.868160655124349086e-04
3.500000000000000000e+00	-2.004493652340565233e-03
3.600000000000000089e+00	-2.045829898860457297e-03
3.700000000000000178e+00	-1.215790042082498198e-04
3.800000000000000266e+00	2.074363232797105452e-03
3.900000000000000355e+00	2.495826869140701718e-03
4.000000000000000000e+00	6.187771487654228743e-04
4.100000000000000533e+00	-2.022964730919582163e-03
4.200000000000000178e+00	-3.113671707752973129e-03
4.299999999999999822e+00	-1.545434698818404229e-03
4.400000000000000355e+00	1.586779197090050410e-03
4.500000000000000000e+00	3.817893039850742219e-03
4.600000000000000533e+00	3.254424838365843880e-03
4.700000000000000178e+00	6.898639613713318042e-05
4.800000000000000711e+00	-3.551633347509127597e-03
4.900000000000000355e+00	-4.928949548044158843e-03
5.000000000000000000e+00	-2.814114219592659966e-03
5.100000000000000533e+00	1.625266174079649344e-03
5.200000000000000178e+00	5.475752390611926014e-03
5.300000000000000711e+00	5.994278538937260724e-03
5.400000000000000355e+00	2.484312642778758844e-03
5.500000000000000000e+00	-3.123864968475202879e-03
5.600000000000000533e+00	-7.379547637653751171e-03
5.700000000000000178e+00	-7.428621859110298362e-03
5.800000000000000711e+00	-2.843746090210262732e-03
5.900000000000000355e+00	3.970845613486886048e-03
6.000000000000000000e+00	9.084811668441526017e-03
6.100000000000000533e+00	9.310392583156607005e-03
6.200000000000000178e+00	4.117137322560440044e-03
6.300000000000000711e+00	-3.922719907037564707e-03
6.400000000000000355e+00	-1.044876320228988083e-02
6.500000000000000000e+00	-1.168800477995972538e-02
6.600000000000000533e+00	-6.584528316397985151e-03
6.700000000000000178e+00	2.510118507123857649e-03
6.800000000000000711e+00	1.099515540240813931e-02
6.900000000000000355e+00	1.440576472719530716e-02
7.000000000000000000e+00	1.072943759163195315e-02
7.100000000000000533e+00	1.444465052840821374e-03
7.200000000000000178e+00	-9.196702399246383525e-03
7.300000000000000711e+00	-1.621719526532709732e-02
7.400000000000000355e+00	-1.624686709065533557e-02
7.500000000000000000e+00	-9.022909271222265964e-03
7.600000000000000533e+00	2.530388425704328294e-03
7.700000000000000178e+00	1.357031713899449141e-02
7.800000000000000711e+00	1.939923055470257549e-02
7.900000000000000355e+00	1.744508478137622026e-02
8.000000000000000000e+00	8.303874123606893101e-03
8.099999999999999645e+00	-4.531376395308264575e-03
8.200000000000001066e+00	-1.607252489327363337e-02
8.300000000000000711e+00	-2.180654437295368592e-02
8.400000000000000355e+00	-1.945320726639136050e-02
8.500000000000000000e+00	-9.802178189359014512e-03
8.599999999999999645e+00	3.649985043552566189e-03
8.700000000000001066e+00	1.602964562870446558e-02
8.800000000000000711e+00	2.284695695348211777e-02
8.900000000000000355e+00	2.158400328337158405e-02
9.000000000000000000e+00	1.257908748278217109e-02
9.099999999999999645e+00	-1.107993553413669750e-03
9.200000000000001066e+00	-1.479909585284003293e-02
9.300000000000000711e+00	-2.384643905709289691e-02
9.400000000000000355e+00	-2.521706489343423369e-02
9.500000000000000000e+00	-1.846968973667642219e-02
9.600000000000001421e+00	-5.837666494248681948e-03
9.700000000000001066e+00	8.551709193199200781e-03
9.800000000000000711e+00	2.003863724856820572e-02
9.900000000000000355e+00	2.493872966082232370e-02
1.000000000000000000e+01	2.171501757581117270e-02
1.010000000000000142e+01	1.142714153844286672e-02
1.020000000000000107e+01	-2.681629574700702869e-03
1.030000000000000071e+01	-1.628741870291194535e-02
1.040000000000000036e+01	-2.536333367548765372e-02
1.050000000000000000e+01	-2.735050561548355713e-02
1.060000000000000142e+01	-2.178409625978283345e-02
1.070000000000000107e+01	-1.028567486511056811e-02
1.080000000000000071e+01	3.973048070872804011e-03
1.090000000000000036e+01	1.715105377912848686e-02
1.100000000000000000e+01	2.574771787969401537e-02
1.110000000000000142e+01	2.750087270463904415e-02
1.120000000000000107e+01	2.195328427598923493e-02
1.130000000000000071e+01	1.055278643748931017e-02
1.140000000000000036e+01	-3.732827264480255165e-03
1.150000000000000000e+01	-1.718813813209253347e-02
1.160000000000000142e+01	-2.631166475086048687e-02
1.170000000000000107e+01	-2.871713347078326539e-02
1.180000000000000071e+01	-2.374198516072875340e-02
1.190000000000000036e+01	-1.260340818590087973e-02
1.200000000000000000e+01	1.944711223814332961e-03
1.210000000000000142e+01	1.635729442418225668e-02
1.220000000000000107e+01	2.722011140308957036e-02
1.230000000000000071e+01	3.207694539160709651e-02
1.240000000000000036e+01	2.995303734861781350e-02
1.250000000000000000e+01	2.148803017144548452e-02
1.260000000000000142e+01	8.704822205111083580e-03
1.270000000000000107e+01	-5.490353004142630583e-03
1.280000000000000071e+01	-1.795436038991784708e-02
1.290000000000000036e+01	-2.597394346391015268e-02
1.300000000000000000e+01	-2.783117800664611577e-02
1.310000000000000142e+01	-2.315831196207202361e-02
1.320000000000000107e+01	-1.300348014479864658e-02
1.330000000000000071e+01	4.143934891243065835e-04
1.340000000000000036e+01	1.420829651413817521e-02
1.350000000000000000e+01	2.546055984436474198e-02
1.360000000000000142e+01	3.183669639711837057e-02
1.370000000000000107e+01	3.203468604162378053e-02
1.380000000000000071e+01	2.599097373860721760e-02
1.390000000000000036e+01	1.483792022102401083e-02
1.400000000000000000e+01	6.569826272365924917e-04
1.410000000000000142e+01	-1.391267057693836538e-02
1.420000000000000107e+01	-2.615228185399191135e-02
1.430000000000000071e+01	-3.376577531646684366e-02
1.440000000000000036e+01	-3.532528361867334765e-02
1.450000000000000000e+01	-3.056620566889751631e-02
1.460000000000000142e+01	-2.045369596212224042e-02
1.470000000000000107e+01	-6.989616918074720124e-03
1.480000000000000071e+01	7.204970578607345841e-03
1.490000000000000036e+01	1.943272040341003162e-02
1.500000000000000000e+01	2.745521587442597070e-02
1.510000000000000142e+01	2.989913841955211746e-02
1.520000000000000107e+01	2.645852996452463524e-02
1.530000000000000071e+01	1.787650254149136114e-02
1.540000000000000036e+01	5.741814483088309405e-03
1.550000000000000000e+01	-7.831863766471935939e-03
1.560000000000000142e+01	-2.057086443901995701e-02
1.570000000000000107e+01	-3.039262667759549952e-02
1.580000000000000071e+01	-3.570498581517713571e-02
1.590000000000000036e+01	-3.562925292714171077e-02
1.600000000000000000e+01	-3.012724494929866145e-02
1.610000000000000142e+01	-2.001235712862577468e-02
1.619999999999999929e+01	-6.830122032009832388e-03
1.630000000000000071e+01	7.387559769573876119e-03
1.640000000000000213e+01	2.046069844906550292e-02
1.650000000000000000e+01	3.042948115248272217e-02
1.660000000000000142e+01	3.587706962474723760e-02
1.669999999999999929e+01	3.614330510822012787e-02
1.680000000000000071e+01	3.139667001471699997e-02
1.690000000000000213e+01	2.256550673282847405e-02
1.700000000000000000e+01	1.115378358823200348e-02
1.710000000000000142e+01	-1.019162719454362294e-03
1.719999999999999929e+01	-1.210822193856443511e-02
1.730000000000000071e+01	-2.051382789435466508e-02
1.740000000000000213e+01	-2.509446380883034386e-02
1.750000000000000000e+01	-2.529535300642898193e-02
1.760000000000000142e+01	-2.118828929282722678e-02
1.769999999999999929e+01	-1.343354377013892577e-02
1.780000000000000071e+01	-3.180186116682379247e-03
1.790000000000000213e+01	8.082703844422726297e-03
1.800000000000000000e+01	1.871626150924807566e-02
1.810000000000000142e+01	2.715267195303434564e-02
1.819999999999999929e+01	3.212300473126481620e-02
1.830000000000000071e+01	3.285391148678077494e-02
1.840000000000000213e+01	2.918992358734575146e-02
1.850000000000000000e+01	2.160938147164005035e-02
1.860000000000000142e+01	1.112851500271471242e-02
1.869999999999999929e+01	-8.809507709252111744e-04
1.880000000000000071e+01	-1.291444769879743562e-02
1.890000000000000213e+01	-2.354809372493368164e-02
1.900000000000000000e+01	-3.160665440033585266e-02
1.910000000000000142e+01	-3.627093340855135073e-02
1.920000000000000284e+01	-3.712915454390371128e-02
1.930000000000000071e+01	-3.418661070083877512e-02
1.940000000000000213e+01	-2.784656032981640272e-02
1.950000000000000000e+01	-1.886754822131756285e-02
1.960000000000000142e+01	-8.294336512348614299e-03
1.970000000000000284e+01	2.642789654669935005e-03
1.980000000000000071e+01	1.266023136885001225e-02
1.990000000000000213e+01	2.057444275532432226e-02
2.000000000000000000e+01	2.545590438571735531e-02
2.010000000000000142e+01	2.675749280630796562e-02
2.020000000000000284e+01	2.439280221203601190e-02
2.030000000000000071e+01	1.874882062470899224e-02
2.040000000000000213e+01	1.063009482367340171e-02
2.050000000000000000e+01	1.144465665080203476e-03
2.060000000000000142e+01	-8.449480129047655039e-03
2.070000000000000284e+01	-1.690799627955318768e-02
2.080000000000000071e+01	-2.315588231202338546e-02
2.090000000000000213e+01	-2.640842768269996421e-02
2.100000000000000000e+01	-2.624977828002017163e-02
2.110000000000000142e+01	-2.266415520444467827e-02
2.120000000000000284e+01	-1.602231981684384271e-02
2.130000000000000071e+01	-7.029205464141059963e-03
2.140000000000000213e+01	3.359339424688406652e-03
2.150000000000000000e+01	1.404169006433882150e-02
2.160000000000000142e+01	2.388738295264378544e-02
2.170000000000000284e+01	3.185430090204149217e-02
2.180000000000000071e+01	3.709396978888292867e-02
2.190000000000000213e+01	3.903428365891420393e-02
2.200000000000000000e+01	3.743239436824244426e-02
2.210000000000000142e+01	3.239482653206784968e-02
2.220000000000000284e+01	2.436521509903699992e-02
2.230000000000000071e+01	1.408121442003345755e-02
2.240000000000000213e+01	2.502569468703945074e-03
2.250000000000000000e+01	-9.285742236411813344e-03
2.260000000000000142e+01	-2.018750764878579976e-02
2.270000000000000284e+01	-2.921334213770240482e-02
2.280000000000000071e+01	-3.558540247630332526e-02
2.290000000000000213e+01	-3.881165023212775761e-02
2.300000000000000000e+01	-3.871892494055000078e-02
2.310000000000000142e+01	-3.544433253012403001e-02
2.320000000000000284e+01	-2.939463094755520936e-02
2.330000000000000071e+01	-2.118881138977656009e-02
2.340000000000000213e+01	-1.159723308398384091e-02
2.350000000000000000e+01	-1.483216699949572353e-03
2.360000000000000142e+01	8.255151374148473123e-03
2.370000000000000284e+01	1.674901114505247465e-02
2.380000000000000071e+01	2.323177867443372221e-02
2.390000000000000213e+01	2.711728546234476109e-02
2.400000000000000000e+01	2.807135654189751861e-02
2.410000000000000142e+01	2.606102995949498985e-02
2.420000000000000284e+01	2.136745204097229359e-02
2.430000000000000071e+01	1.455604898726426885e-02
2.440000000000000213e+01	6.407717988756621991e-03
2.450000000000000000e+01	-2.176773580241598595e-03
2.460000000000000142e+01	-1.028257909267459545e-02
2.470000000000000284e+01	-1.708002494828540080e-02
2.480000000000000071e+01	-2.190412840662006241e-02
2.490000000000000213e+01	-2.430700383198533543e-02
2.500000000000000000e+01	-2.408208860374872959e-02
2.510000000000000142e+01	-2.126398593765178868e-02
2.520000000000000284e+01	-1.610986554201256429e-02
2.530000000000000071e+01	-9.068226808501047773e-03
2.540000000000000213e+01	-7.394137892604886334e-04
2.550000000000000000e+01	8.169898032011336381e-03
2.560000000000000142e+01	1.689773481058461438e-02
2.570000000000000284e+01	2.468297107100446072e-02
2.580000000000000071e+01	3.082488636400989787e-02
2.590000000000000213e+01	3.474240103938713159e-02
2.600000000000000000e+01	3.602727666829084324e-02
2.610000000000000142e+01	3.448462096711221031e-02
2.620000000000000284e+01	3.015473485242192719e-02
2.630000000000000071e+01	2.331252677511090610e-02
2.640000000000000213e+01	1.444399710380291947e-02
2.650000000000000000e+01	4.202834128863405967e-03
2.660000000000000142e+01	-6.647314285663579250e-03
2.670000000000000284e+01	-1.729804325703034051e-02
2.680000000000000071e+01	-2.696180332465479210e-02
2.690000000000000213e+01	-3.493198459510175879e-02
2.700000000000000000e+01	-4.063342564937626883e-02
2.710000000000000142e+01	-4.366106308150345672e-02
2.720000000000000284e+01	-4.380575831330977415e-02
2.730000000000000071e+01	-4.106695151839540037e-02
2.740000000000000213e+01	-3.565158596252811229e-02
2.750000000000000000e+01	-2.795843846435963967e-02
2.760000000000000142e+01	-1.854738354584315255e-02
2.770000000000000284e+01	-8.094436885907239920e-03
2.780000000000000071e+01	2.664059910460760475e-03
2.790000000000000213e+01	1.299183862599592731e-02
2.800000000000000000e+01	2.221007766342701639e-02
2.810000000000000142e+01	2.974506215032602860e-02
2.820000000000000284e+01	3.516198834006921403e-02
2.830000000000000071e+01	3.818406849219797838e-02
2.840000000000000213e+01	3.869897635714332484e-02
2.850000000000000000e+01	3.675609272677610867e-02
2.860000000000000142e+01	3.255751869162940015e-02
2.870000000000000284e+01	2.644394221304763315e-02
2.880000000000000071e+01	1.887475092698755533e-02
2.890000000000000213e+01	1.040122869676117154e-02
2.900000000000000000e+01	1.631905260734175253e-03
2.910000000000000142e+01	-6.809755040548354406e-03
2.920000000000000284e+01	-1.433297735220485924e-02
2.930000000000000071e+01	-2.042793299242351424e-02
2.940000000000000213e+01	-2.470838766193658373e-02
2.950000000000000000e+01	-2.694236726141963773e-02
2.960000000000000142e+01	-2.706618979767213065e-02
2.970000000000000284e+01	-2.518036151159425834e-02
2.980000000000000071e+01	-2.152931425325191675e-02
2.990000000000000213e+01	-1.646987481047488405e-02
3.000000000000000000e+01	-1.043483693572774297e-02
3.010000000000000142e+01	-3.897306642225489490e-03
3.020000000000000284e+01	2.660820635132806530e-03
3.030000000000000071e+01	8.775520914844809478e-03
3.040000000000000213e+01	1.402368578101797873e-02
3.050000000000000000e+01	1.804438266011195238e-02
3.060000000000000142e+01	2.055929321475588947e-02
3.070000000000000284e+01	2.139157921169693166e-02
3.080000000000000071e+01	2.048073360779472524e-02
3.090000000000000213e+01	1.789023633105450359e-02
3.100000000000000000e+01	1.380548069087689754e-02
3.110000000000000142e+01	8.521028693300512422e-03
3.120000000000000284e+01	2.418094771731899711e-03
3.130000000000000071e+01	-4.065155086803296305e-03
3.140000000000000213e+01	-1.046688054194760097e-02
3.150000000000000000e+01	-1.633486705410716611e-02
3.160000000000000142e+01	-2.125703652085189632e-02
3.170000000000000284e+01	-2.488719908722008059e-02
3.180000000000000071e+01	-2.696482990675108313e-02
3.190000000000000213e+01	-2.732831683516135507e-02
3.200000000000000000e+01	-2.592175771395736558e-02
3.210000000000000142e+01	-2.279581456563227471e-02
3.220000000000000284e+01	-1.810316529307203631e-02
3.230000000000000426e+01	-1.208913191020360121e-02
3.239999999999999858e+01	-5.078217569360552082e-03
3.250000000000000000e+01	2.542896137780708502e-03
3.260000000000000142e+01	1.034562917590541552e-02
3.270000000000000284e+01	1.788268895358720648e-02
3.280000000000000426e+01	2.471319706693432539e-02
3.289999999999999858e+01	3.042810904033469918e-02
3.300000000000000000e+01	3.467414318194440154e-02
3.310000000000000142e+01	3.717476285313102424e-02
3.320000000000000284e+01	3.774703073915666035e-02
3.330000000000000426e+01	3.631327029435049009e-02
3.339999999999999858e+01	3.290674731319372798e-02
3.350000000000000000e+01	2.767105611844019458e-02
3.360000000000000142e+01	2.085316234753747250e-02
3.370000000000000284e+01	1.279021266287784855e-02
3.380000000000000426e+01	3.890552109446135561e-03
3.389999999999999858e+01	-5.389969199242685381e-03
3.400000000000000000e+01	-1.457452200039344690e-02
3.410000000000000142e+01	-2.319250372723109452e-02
3.420000000000000284e+01	-3.080544443520256623e-02
3.430000000000000426e+01	-3.702981552181996289e-02
3.439999999999999858e+01	-4.155537271944496208e-02
3.450000000000000000e+01	-4.415833332942945000e-02
3.460000000000000142e+01	-4.470929911974349386e-02
3.470000000000000284e+01	-4.317637473998355707e-02
3.480000000000000426e+01	-3.962424253083678127e-02
3.489999999999999858e+01	-3.420978641660153002e-02
3.500000000000000000e+01	-2.717460740376194048e-02
3.510000000000000142e+01	-1.883466679723142315e-02
3.520000000000000284e+01	-9.567023009829426355e-03
3.530000000000000426e+01	2.063427193776983448e-04
3.539999999999999858e+01	1.003713286348163411e-02
3.550000000000000000e+01	1.947104987876878412e-02
3.560000000000000142e+01	2.806906858686630465e-02
3.570000000000000284e+01	3.542879943586239866e-02
3.580000000000000426e+01	4.120483686836801107e-02
3.589999999999999858e+01	4.512672922318789609e-02
3.600000000000000000e+01	4.701325747633436358e-02
3.610000000000000142e+01	4.678200357194830378e-02
3.620000000000000284e+01	4.445341754712098248e-02
3.630000000000000426e+01	4.014880354732056067e-02
3.639999999999999858e+01	3.408228789347597654e-02
3.650000000000000000e+01	2.654777745007340720e-02
3.660000000000000142e+01	1.790237180660713204e-02
3.670000000000000284e+01	8.547560602088232623e-03
3.680000000000000426e+01	-1.090774189355795017e-03
3.689999999999999858e+01	-1.058258785188764296e-02
3.700000000000000000e+01	-1.951302430376008340e-02
3.710000000000000142e+01	-2.750006597377391282e-02
3.720000000000000284e+01	-3.421013682085243673e-02
3.730000000000000426e+01	-3.937138044262741832e-02
3.739999999999999858e+01	-4.278418873821579482e-02
3.750000000000000000e+01	-4.432852150754469645e-02
3.760000000000000142e+01	-4.396771688801026645e-02
3.770000000000000284e+01	-4.174870046337571944e-02
3.780000000000000426e+01	-3.779855980642633784e-02
3.789999999999999858e+01	-3.231758848871216228e-02
3.800000000000000000e+01	-2.556918321667746644e-02
3.810000000000000142e+01	-1.786701691576822806e-02
3.820000000000000284e+01	-9.559977033493297430e-03
3.830000000000000426e+01	-1.015681311823927622e-03
3.840000000000000568e+01	7.396541583660995803e-03
3.850000000000000000e+01	1.532233909744446301e-02
3.860000000000000142e+01	2.243772107138370872e-02
3.870000000000000284e+01	2.846240829805964795e-02
3.880000000000000426e+01	3.317077538803193948e-02
3.890000000000000568e+01	3.640012204697398723e-02
3.900000000000000000e+01	3.805605947836974978e-02
3.910000000000000142e+01	3.811483440648346516e-02
3.920000000000000284e+01	3.662233765299123533e-02
3.930000000000000426e+01	3.368964851193801541e-02
3.940000000000000568e+01	2.948531838623967560e-02
3.950000000000000000e+01	2.422496185597308727e-02
3.960000000000000142e+01	1.815897302357740231e-02
3.970000000000000284e+01	1.155924032159364248e-02
3.980000000000000426e+01	4.705862252222376557e-03
3.990000000000000568e+01	-2.124964047948065676e-03
4.000000000000000000e+01	-8.671086342037203840e-03
4.010000000000000142e+01	-1.469245369873158069e-02
4.020000000000000284e+01	-1.997738145405692292e-02
4.030000000000000426e+01	-2.434752446339288889e-02
4.040000000000000568e+01	-2.766204462574821735e-02
4.050000000000000000e+01	-2.982123312785082969e-02
4.060000000000000142e+01	-3.076963491221921046e-02
4.070000000000000284e+01	-3.049846651700016328e-02
4.080000000000000426e+01	-2.904673833587444534e-02
4.090000000000000568e+01	-2.650036845175685052e-02
4.100000000000000000e+01	-2.298885427940399601e-02
4.110000000000000142e+01	-1.867940126085683786e-02
4.120000000000000284e+01	-1.376869264886014695e-02
4.130000000000000426e+01	-8.472798638001263066e-03
4.140000000000000568e+01	-3.016100514118606052e-03
4.150000000000000000e+01	2.379603346740728678e-03
4.160000000000000142e+01	7.504816938339237999e-03
4.170000000000000284e+01	1.217039990368956257e-02
4.180000000000000426e+01	1.621383143261725598e-02
4.190000000000000568e+01	1.950375474498605016e-02
4.200000000000000000e+01	2.194296656437771595e-02
4.210000000000000142e+01	2.347001306078030231e-02
4.220000000000000284e+01	2.405954115161112669e-02
4.230000000000000426e+01	2.372155010434062392e-02
4.240000000000000568e+01	2.249962700777920210e-02
4.250000000000000000e+01	2.046823315877138727e-02
4.260000000000000142e+01	1.772916151698515283e-02
4.270000000000000284e+01	1.440724357200212462e-02
4.280000000000000426e+01	1.064535514741593754e-02
4.290000000000000568e+01	6.598839575597904850e-03
4.300000000000000000e+01	2.429516376570732116e-03
4.310000000000000142e+01	-1.700517094834624876e-03
4.320000000000000284e+01	-5.635085871573674958e-03
4.330000000000000426e+01	-9.229892492766638215e-03
4.340000000000000568e+01	-1.235787138052703120e-02
4.350000000000000000e+01	-1.491366649512933240e-02
4.360000000000000142e+01	-1.681714621402753684e-02
4.370000000000000284e+01	-1.801592990617320242e-02
4.380000000000000426e+01	-1.848686887985813779e-02
4.390000000000000568e+01	-1.823639960543237473e-02
4.400000000000000000e+01	-1.729968541592920989e-02
4.410000000000000142e+01	-1.573848087709764712e-02
4.420000000000000284e+01	-1.363769390386513833e-02
4.430000000000000426e+01	-1.110069654058186590e-02
4.440000000000000568e+01	-8.243664470763377439e-03
4.450000000000000000e+01	-5.189523518036086823e-03
4.460000000000000142e+01	-2.062126154675954399e-03
4.470000000000000284e+01	1.018916717431002329e-03
4.480000000000000426e+01	3.942549943685771940e-03
4.490000000000000568e+01	6.609665085097967546e-03
4.500000000000000000e+01	8.935548379810673986e-03
4.510000000000000142e+01	1.085148013445227239e-02
4.520000000000000284e+01	1.230570096425349577e-02
4.530000000000000426e+01	1.326394512358696452e-02
4.540000000000000568e+01	1.370963951607211302e-02
4.550000000000000000e+01	1.364379450477119782e-02
4.560000000000000142e+01	1.308459034788430654e-02
4.570000000000000284e+01	1.206663008280434678e-02
4.580000000000000426e+01	1.063977609374246527e-02
4.590000000000000568e+01	8.867441006066607498e-03
4.600000000000000000e+01	6.824247643141344299e-03
4.610000000000000142e+01	4.593118147032237281e-03
4.620000000000000284e+01	2.261939156315504081e-03
4.630000000000000426e+01	-8.001043113948721770e-05
4.640000000000000568e+01	-2.345621112894347507e-03
4.650000000000000000e+01	-4.453246822485199853e-03
4.660000000000000142e+01	-6.329540925128700028e-03
4.670000000000000284e+01	-7.911773658076911089e-03
4.680000000000000426e+01	-9.149684487425093285e-03
4.690000000000000568e+01	-1.000693754808694089e-02
4.700000000000000000e+01	-1.046220681148542220e-02
4.710000000000000142e+01	-1.050986152814031849e-02
4.720000000000000284e+01	-1.016015263033776678e-02
4.730000000000000426e+01	-9.438745884722533203e-03
4.740000000000000568e+01	-8.385481991885660596e-03
4.750000000000000000e+01	-7.052364664100653144e-03
4.760000000000000142e+01	-5.500898456528537789e-03
4.770000000000000284e+01	-3.798973522542839053e-03
4.780000000000000426e+01	-2.017515571167082054e-03
4.790000000000000568e+01	-2.271563019816239567e-04
4.800000000000000000e+01	1.504776509407514855e-03
4.810000000000000142e+01	3.116726372680149546e-03
4.820000000000000284e+01	4.554761554730769185e-03
4.830000000000000426e+01	5.773858835999832496e-03
4.840000000000000568e+01	6.738715079770532350e-03
4.850000000000000000e+01	7.424194262890307025e-03
4.860000000000000142e+01	7.815529204012679892e-03
4.870000000000000284e+01	7.908387375139777978e-03
4.880000000000000426e+01	7.708831549102092111e-03
4.890000000000000568e+01	7.233090475388992240e-03
4.900000000000000000e+01	6.507005116239870761e-03
4.910000000000000142e+01	5.565062927343331425e-03
4.920000000000000284e+01	4.448995617114521670e-03
4.930000000000000426e+01	3.205971317991581585e-03
4.940000000000000568e+01	1.886475664121848748e-03
4.950000000000000000e+01	5.420563370671317629e-04
4.960000000000000142e+01	-7.768357240109912678e-04
4.970000000000000284e+01	-2.022734039118400783e-03
4.980000000000000426e+01	-3.152724820955084273e-03
4.990000000000000568e+01	-4.129724855761911402e-03
5.000000000000000000e+01	-4.923515147618554369e-03
5.010000000000000142e+01	-5.511551896944830858e-03
5.020000000000000284e+01	-5.879543808734086739e-03
5.030000000000000426e+01	-6.021765507829344652e-03
5.040000000000000568e+01	-5.941061349555068136e-03
5.050000000000000000e+01	-5.648486923379007242e-03
5.060000000000000142e+01	-5.162568945065905933e-03
5.070000000000000284e+01	-4.508225573450050719e-03
5.080000000000000426e+01	-3.715421638166940300e-03
5.090000000000000568e+01	-2.817655659727694856e-03
5.100000000000000000e+01	-1.850403571002216894e-03
5.110000000000000142e+01	-8.496455163309373166e-04
5.120000000000000284e+01	1.494214666600860396e-04
5.130000000000000426e+01	1.113432074593544369e-03
5.140000000000000568e+01	2.011655907837152889e-03
5.150000000000000000e+01	2.816573258347245239e-03
5.160000000000000142e+01	3.504284367890996184e-03
5.170000000000000284e+01	4.054847454448225023e-03
5.180000000000000426e+01	4.452625932222941188e-03
5.190000000000000568e+01	4.686676191525434264e-03
5.200000000000000000e+01	4.751150854824148090e-03
5.210000000000000142e+01	4.645653243930247117e-03
5.220000000000000284e+01	4.375470246325860110e-03
5.230000000000000426e+01	3.951619880701591481e-03
5.240000000000000568e+01	3.390660133981831040e-03
5.250000000000000000e+01	2.714243115870343132e-03
5.260000000000000142e+01	1.948450515668477762e-03
5.270000000000000284e+01	1.122946411986952466e-03
5.280000000000000426e+01	2.699461531156600370e-04
5.290000000000000568e+01	-5.770170678347353145e-04
5.300000000000000000e+01	-1.384510302974317330e-03
5.310000000000000142e+01	-2.120719325720687477e-03
5.320000000000000284e+01	-2.756959116278981901e-03
5.330000000000000426e+01	-3.269080582758438890e-03
5.340000000000000568e+01	-3.638680477051111761e-03
5.350000000000000000e+01	-3.854026207920406132e-03
5.360000000000000142e+01	-3.910626051716022469e-03
5.370000000000000284e+01	-3.811396926247298360e-03
5.380000000000000426e+01	-3.566405257618021889e-03
5.390000000000000568e+01	-3.192178230754685701e-03
5.400000000000000000e+01	-2.710597957390710033e-03
5.410000000000000142e+01	-2.147435666916244941e-03
5.420000000000000284e+01	-1.530657542103148116e-03
5.430000000000000426e+01	-8.886721462529754067e-04
5.440000000000000568e+01	-2.486877353738340779e-04
5.450000000000000000e+01	3.646698438932580904e-04
5.460000000000000142e+01	9.303696936731733818e-04
5.470000000000000284e+01	1.431569930157563760e-03
5.480000000000000426e+01	1.855814173302690892e-03
5.490000000000000568e+01	2.194904621432925210e-03
5.500000000000000000e+01	2.444541305430101945e-03
5.510000000000000142e+01	2.603815316822290834e-03
5.520000000000000284e+01	2.674634140412330587e-03
5.530000000000000426e+01	2.661137845047100488e-03
5.540000000000000568e+01	2.569151608666169102e-03
5.550000000000000000e+01	2.405714408947583899e-03
5.560000000000000142e+01	2.178709585301429746e-03
5.570000000000000284e+01	1.896606244661789642e-03
5.580000000000000426e+01	1.568307146630313481e-03
5.590000000000000568e+01	1.203080414606378127e-03
5.600000000000000000e+01	8.105475625177343277e-04
5.610000000000000142e+01	4.007118779156305390e-04
5.620000000000000284e+01	-1.599168612990810117e-05
5.630000000000000426e+01	-4.286621630664972727e-04
5.640000000000000568e+01	-8.259656362902868549e-04
5.650000000000000000e+01	-1.196281777856482128e-03
5.660000000000000142e+01	-1.527985907335175459e-03
5.670000000000000284e+01	-1.809871503442699861e-03
5.680000000000000426e+01	-2.031700170138669645e-03
5.690000000000000568e+01	-2.184830842129356285e-03
5.700000000000000000e+01	-2.262847022008652835e-03
5.710000000000000142e+01	-2.262091432089340364e-03
5.720000000000000284e+01	-2.182033605634314290e-03
5.730000000000000426e+01	-2.025425925566322772e-03
5.740000000000000568e+01	-1.798233570451136408e-03
5.750000000000000000e+01	-1.509356727104151736e-03
5.760000000000000142e+01	-1.170194364737211189e-03
5.770000000000000284e+01	-7.941017498682707409e-04
5.780000000000000426e+01	-3.957760102953995968e-04
5.790000000000000568e+01	9.404936683464597280e-06
5.800000000000000000e+01	4.060648572592174231e-04
5.810000000000000142e+01	7.795008362172637555e-04
5.820000000000000284e+01	1.116300827110743368e-03
5.830000000000000426e+01	1.404870377326930889e-03
5.840000000000000568e+01	1.635849495170907950e-03
5.850000000000000000e+01	1.802409964035174865e-03
5.860000000000000142e+01	1.900430260287060613e-03
5.870000000000000284e+01	1.928550801725927846e-03
5.880000000000000426e+01	1.888110937321902088e-03
5.890000000000000568e+01	1.782970979164024208e-03
5.900000000000000000e+01	1.619231553601320657e-03
5.910000000000000142e+01	1.404868345563492623e-03
5.920000000000000284e+01	1.149309049957749143e-03
5.930000000000000426e+01	8.629907805526673172e-04
5.940000000000000568e+01	5.569308526253225269e-04
5.950000000000000000e+01	2.423306000447960154e-04
5.960000000000000142e+01	-6.977796492510435677e-05
5.970000000000000284e+01	-3.688479404881307342e-04
5.980000000000000426e+01	-6.451135663090896847e-04
5.990000000000000568e+01	-8.898830460216304670e-04
6.000000000000000000e+01	-1.095827483083160452e-03
6.010000000000000142e+01	-1.257242416434190728e-03
6.020000000000000284e+01	-1.370251204662500553e-03
6.030000000000000426e+01	-1.432925655812673955e-03
6.040000000000000568e+01	-1.445306182249146698e-03
6.050000000000000000e+01	-1.409315456497139529e-03
6.060000000000000142e+01	-1.328575892958905194e-03
6.070000000000000284e+01	-1.208151969453797811e-03
6.080000000000000426e+01	-1.054239918865007737e-03
6.090000000000000568e+01	-8.738240737413478136e-04
6.100000000000000000e+01	-6.743224417797297546e-04
6.110000000000000142e+01	-4.632523369410727421e-04
6.120000000000000284e+01	-2.479408504681360616e-04
6.130000000000000426e+01	-3.528793401232385274e-05
6.140000000000000568e+01	1.684219401710852228e-04
6.150000000000000000e+01	3.576699038898995811e-04
6.160000000000000142e+01	5.278224226426611598e-04
6.170000000000000284e+01	6.752168906582247656e-04
6.180000000000000426e+01	7.972026750686933300e-04
6.190000000000000568e+01	8.921273610282455394e-04
6.200000000000000000e+01	9.592604297762548143e-04
6.210000000000000142e+01	9.986562848368757666e-04
6.220000000000000284e+01	1.010974841525984734e-03
6.230000000000000426e+01	9.972927620124879319e-04
6.240000000000000568e+01	9.589447334483118361e-04
6.250000000000000000e+01	8.974270254183985178e-04
6.260000000000000142e+01	8.143780017769295569e-04
6.270000000000000284e+01	7.116303116677733919e-04
6.280000000000000426e+01	5.913100708072970392e-04
6.290000000000000568e+01	4.559449248448714867e-04
6.300000000000000000e+01	3.085447130398334551e-04
6.310000000000000142e+01	1.526313509892297555e-04
6.320000000000000284e+01	-7.791230378204330520e-06
6.330000000000000426e+01	-1.683243552703888690e-04
6.340000000000000568e+01	-3.243102108491480542e-04
6.350000000000000000e+01	-4.710024364337345171e-04
6.360000000000000142e+01	-6.037532373951426650e-04
6.370000000000000284e+01	-7.182002430276527996e-04
6.380000000000000426e+01	-8.104429877153878628e-04
6.390000000000000568e+01	-8.772045027874364942e-04
6.400000000000000000e+01	-9.159773438360745233e-04
6.410000000000000853e+01	-9.251549772609027073e-04
6.420000000000000284e+01	-9.041487241745202810e-04
6.429999999999999716e+01	-8.534844897120815984e-04
6.440000000000000568e+01	-7.748616379346902686e-04
6.450000000000000000e+01	-6.711509907869657324e-04
6.460000000000000853e+01	-5.463154756265252692e-04
6.470000000000000284e+01	-4.052453939430538375e-04
6.479999999999999716e+01	-2.535115797352377270e-04
6.490000000000000568e+01	-9.705630065451604073e-05
6.500000000000000000e+01	5.814619612541582300e-05
6.510000000000000853e+01	2.064209807044507729e-04
6.520000000000000284e+01	3.426768596487995565e-04
6.529999999999999716e+01	4.626197859422827145e-04
6.540000000000000568e+01	5.628917689315404444e-04
6.550000000000000000e+01	6.411435257782282984e-04
6.560000000000000853e+01	6.960509033111483531e-04
6.570000000000000284e+01	7.272818292235344335e-04
6.579999999999999716e+01	7.354176815168342145e-04
6.590000000000000568e+01	7.218328397457122536e-04
6.600000000000000000e+01	6.885378787915059527e-04
6.610000000000000853e+01	6.379972449705345909e-04
6.620000000000000284e+01	5.729394194468703143e-04
6.629999999999999716e+01	4.961790989449993503e-04
6.640000000000000568e+01	4.104680128992664405e-04
6.650000000000000000e+01	3.183868407848946527e-04
6.660000000000000853e+01	2.222824412316622340e-04
6.670000000000000284e+01	1.242477176319352588e-04
6.679999999999999716e+01	2.613949475300357544e-05
6.690000000000000568e+01	-7.037403986456262017e-05
6.700000000000000000e+01	-1.637485347441755535e-04
6.710000000000000853e+01	-2.524938879162633111e-04
6.720000000000000284e+01	-3.351127745547441135e-04
6.729999999999999716e+01	-4.100594825472695022e-04
6.740000000000000568e+01	-4.757283376711638942e-04
6.750000000000000000e+01	-5.304755718338569374e-04
6.760000000000000853e+01	-5.726714776649964979e-04
6.770000000000000284e+01	-6.007761432701415414e-04
6.779999999999999716e+01	-6.134318673998636349e-04
6.790000000000000568e+01	-6.095650821054645263e-04
6.800000000000000000e+01	-5.884915267059602191e-04
6.810000000000000853e+01	-5.500196195858079052e-04
6.820000000000000284e+01	-4.945443392367393672e-04
6.829999999999999716e+01	-4.231199781872621601e-04
6.840000000000000568e+01	-3.374980303963712245e-04
6.850000000000000000e+01	-2.401159637746848156e-04
6.860000000000000853e+01	-1.340294812227279533e-04
6.870000000000000284e+01	-2.279373965214462688e-05
6.879999999999999716e+01	8.969419716507723230e-05
6.890000000000000568e+01	1.993795509129138292e-04
6.900000000000000000e+01	3.022496262675795019e-04
6.910000000000000853e+01	3.945372078088205331e-04
6.920000000000000284e+01	4.729134935350034368e-04
6.929999999999999716e+01	5.346579264088760584e-04
6.940000000000000568e+01	5.777950733020561364e-04
6.950000000000000000e+01	6.011885160267740500e-04
6.960000000000000853e+01	6.045813123228417196e-04
6.970000000000000284e+01	5.885765664654252910e-04
6.979999999999999716e+01	5.545598966115744153e-04
6.990000000000000568e+01	5.045740588209322126e-04
7.000000000000000000e+01	4.411611868016852042e-04
7.010000000000000853e+01	3.671883677521542043e-04
7.020000000000000284e+01	2.856713788303010416e-04
7.029999999999999716e+01	1.996109516461097555e-04
7.040000000000000568e+01	1.118513043545733739e-04
7.050000000000000000e+01	2.496541423413239341e-05
7.060000000000000853e+01	-5.882984651415715379e-05
7.070000000000000284e+01	-1.377253400155133037e-04
7.079999999999999716e+01	-2.103347543286987161e-04
7.090000000000000568e+01	-2.756727242550228974e-04
7.100000000000000000e+01	-3.330998155317054844e-04
7.110000000000000853e+01	-3.822410689523050354e-04
7.120000000000000284e+01	-4.228878548608954423e-04
7.129999999999999716e+01	-4.548954797487454781e-04
7.140000000000000568e+01	-4.780898697541380781e-04
7.150000000000000000e+01	-4.921962268458538164e-04
7.160000000000000853e+01	-4.968007685027812015e-04
7.170000000000000284e+01	-4.913531856344552189e-04
7.179999999999999716e+01	-4.752127559699113207e-04
7.190000000000000568e+01	-4.477348103803440805e-04
7.200000000000000000e+01	-4.083863676279772710e-04
7.210000000000000853e+01	-3.568749466156157261e-04
7.220000000000000284e+01	-2.932748094785284218e-04
7.229999999999999716e+01	-2.181365650583611719e-04
7.240000000000000568e+01	-1.325680698075001212e-04
7.250000000000000000e+01	-3.827721410859088254e-05
7.260000000000000853e+01	6.242669866316192617e-05
7.270000000000000284e+01	1.666690129139195128e-04
7.279999999999999716e+01	2.710800565125243014e-04
7.290000000000000568e+01	3.719016409359624008e-04
7.300000000000000000e+01	4.651322797086848075e-04
7.310000000000000853e+01	5.467107362907195310e-04
7.320000000000000284e+01	6.127310395125552681e-04
7.329999999999999716e+01	6.596738806927917491e-04
7.340000000000000568e+01	6.846357320219884426e-04
7.350000000000000000e+01	6.855370172877264323e-04
7.360000000000000853e+01	6.612901303013114405e-04
7.370000000000000284e+01	6.119118536221314526e-04
7.379999999999999716e+01	5.385731602886344518e-04
7.390000000000000568e+01	4.435842829771721447e-04
7.400000000000000000e+01	3.303145742571861917e-04
7.410000000000000853e+01	2.030487426377377072e-04
7.420000000000000284e+01	6.678620550105823490e-05
7.429999999999999716e+01	-7.300201229802821335e-05
7.440000000000000568e+01	-2.106424155801189899e-04
7.450000000000000000e+01	-3.405392031129506666e-04
7.460000000000000853e+01	-4.574492960367622873e-04
7.470000000000000284e+01	-5.567357352922233096e-04
7.479999999999999716e+01	-6.345845312316691087e-04
7.490000000000000568e+01	-6.881733435986632334e-04
7.500000000000000000e+01	-7.157843682959988581e-04
7.510000000000000853e+01	-7.168565417304993085e-04
7.520000000000000284e+01	-6.919747629675444345e-04
7.529999999999999716e+01	-6.427982166224997579e-04
7.540000000000000568e+01	-5.719346891416600409e-04
7.550000000000000000e+01	-4.827701122511844634e-04
7.560000000000000853e+01	-3.792661702347624409e-04
7.570000000000000284e+01	-2.657434215088599135e-04
7.579999999999999716e+01	-1.466665388546647682e-04
7.590000000000000568e+01	-2.644333299736715225e-05
7.600000000000000000e+01	9.075606439750170474e-05
7.610000000000000853e+01	2.011545176628544147e-04
7.620000000000000284e+01	3.014895661918090401e-04
7.629999999999999716e+01	3.890950519597903123e-04
7.640000000000000568e+01	4.619414949264920973e-04
7.650000000000000000e+01	5.186374416209760772e-04
7.660000000000000853e+01	5.583962326506210563e-04
7.670000000000000284e+01	5.809752604581003592e-04
7.680000000000001137e+01	5.865981911841683469e-04
7.690000000000000568e+01	5.758727446146052770e-04
7.700000000000000000e+01	5.497146745168589007e-04
7.710000000000000853e+01	5.092831536437370790e-04
7.720000000000000284e+01	4.559295218839621981e-04
7.730000000000001137e+01	3.911615112878471341e-04
7.740000000000000568e+01	3.166232179657120830e-04
7.750000000000000000e+01	2.340874281179089185e-04
7.760000000000000853e+01	1.454543594217171001e-04
7.770000000000000284e+01	5.275194915899963054e-05
7.780000000000001137e+01	-4.186383012565358973e-05
7.790000000000000568e+01	-1.361115220085675143e-04
7.800000000000000000e+01	-2.275963562169021608e-04
7.810000000000000853e+01	-3.138390411472310234e-04
7.820000000000000284e+01	-3.923250028934794102e-04
7.830000000000001137e+01	-4.605733541010181842e-04
7.840000000000000568e+01	-5.162226644135039155e-04
7.850000000000000000e+01	-5.571301293364617612e-04
7.860000000000000853e+01	-5.814788261494046023e-04
7.870000000000000284e+01	-5.878854500504053764e-04
7.880000000000001137e+01	-5.755004004095794646e-04
7.890000000000000568e+01	-5.440926629120702157e-04
7.900000000000000000e+01	-4.941116954838390167e-04
7.910000000000000853e+01	-4.267195505836843760e-04
7.920000000000000284e+01	-3.437893858992303203e-04
7.930000000000001137e+01	-2.478694608700388090e-04
7.940000000000000568e+01	-1.421136424611662164e-04
7.950000000000000000e+01	-3.017844518120779335e-05
7.960000000000000853e+01	8.391242293444453831e-05
7.970000000000000284e+01	1.959302353596147214e-04
7.980000000000001137e+01	3.016225055719369422e-04
7.990000000000000568e+01	3.969057668006963665e-04
